blacks	reds	stand	draw	choice
1	1	0.50	0.50	TIE
1	2	0.33	0.25	STAND
1	3	0.25	0.17	STAND
1	4	0.20	0.12	STAND
1	5	0.17	0.10	STAND
1	6	0.14	0.08	STAND
1	7	0.12	0.07	STAND
1	8	0.11	0.06	STAND
1	9	0.10	0.06	STAND
1	10	0.09	0.05	STAND
1	11	0.08	0.05	STAND
1	12	0.08	0.04	STAND
1	13	0.07	0.04	STAND
1	14	0.07	0.04	STAND
1	15	0.06	0.03	STAND
1	16	0.06	0.03	STAND
1	17	0.06	0.03	STAND
1	18	0.05	0.03	STAND
1	19	0.05	0.03	STAND
1	20	0.05	0.03	STAND
1	21	0.05	0.02	STAND
1	22	0.04	0.02	STAND
1	23	0.04	0.02	STAND
1	24	0.04	0.02	STAND
1	25	0.04	0.02	STAND
1	26	0.04	0.02	STAND
2	1	0.67	0.75	DRAW
2	2	0.50	0.54	DRAW
2	3	0.40	0.40	STAND
2	4	0.33	0.30	STAND
2	5	0.29	0.25	STAND
2	6	0.25	0.21	STAND
2	7	0.22	0.19	STAND
2	8	0.20	0.17	STAND
2	9	0.18	0.15	STAND
2	10	0.17	0.14	STAND
2	11	0.15	0.12	STAND
2	12	0.14	0.12	STAND
2	13	0.13	0.11	STAND
2	14	0.12	0.10	STAND
2	15	0.12	0.09	STAND
2	16	0.11	0.09	STAND
2	17	0.11	0.08	STAND
2	18	0.10	0.08	STAND
2	19	0.10	0.08	STAND
2	20	0.09	0.07	STAND
2	21	0.09	0.07	STAND
2	22	0.08	0.07	STAND
2	23	0.08	0.06	STAND
2	24	0.08	0.06	STAND
2	25	0.07	0.06	STAND
2	26	0.07	0.06	STAND
3	1	0.75	0.88	DRAW
3	2	0.60	0.71	DRAW
3	3	0.50	0.55	DRAW
3	4	0.43	0.44	DRAW
3	5	0.38	0.36	STAND
3	6	0.33	0.31	STAND
3	7	0.30	0.28	STAND
3	8	0.27	0.25	STAND
3	9	0.25	0.23	STAND
3	10	0.23	0.21	STAND
3	11	0.21	0.19	STAND
3	12	0.20	0.18	STAND
3	13	0.19	0.17	STAND
3	14	0.18	0.16	STAND
3	15	0.17	0.15	STAND
3	16	0.16	0.14	STAND
3	17	0.15	0.13	STAND
3	18	0.14	0.12	STAND
3	19	0.14	0.12	STAND
3	20	0.13	0.11	STAND
3	21	0.12	0.11	STAND
3	22	0.12	0.10	STAND
3	23	0.12	0.10	STAND
3	24	0.11	0.10	STAND
3	25	0.11	0.09	STAND
3	26	0.10	0.09	STAND
4	1	0.80	0.94	DRAW
4	2	0.67	0.82	DRAW
4	3	0.57	0.69	DRAW
4	4	0.50	0.57	DRAW
4	5	0.44	0.47	DRAW
4	6	0.40	0.40	DRAW
4	7	0.36	0.35	STAND
4	8	0.33	0.32	STAND
4	9	0.31	0.29	STAND
4	10	0.29	0.27	STAND
4	11	0.27	0.25	STAND
4	12	0.25	0.23	STAND
4	13	0.24	0.22	STAND
4	14	0.22	0.21	STAND
4	15	0.21	0.19	STAND
4	16	0.20	0.18	STAND
4	17	0.19	0.17	STAND
4	18	0.18	0.17	STAND
4	19	0.17	0.16	STAND
4	20	0.17	0.15	STAND
4	21	0.16	0.15	STAND
4	22	0.15	0.14	STAND
4	23	0.15	0.13	STAND
4	24	0.14	0.13	STAND
4	25	0.14	0.12	STAND
4	26	0.13	0.12	STAND
5	1	0.83	0.97	DRAW
5	2	0.71	0.90	DRAW
5	3	0.62	0.79	DRAW
5	4	0.56	0.68	DRAW
5	5	0.50	0.57	DRAW
5	6	0.45	0.49	DRAW
5	7	0.42	0.43	DRAW
5	8	0.38	0.38	STAND
5	9	0.36	0.35	STAND
5	10	0.33	0.32	STAND
5	11	0.31	0.30	STAND
5	12	0.29	0.28	STAND
5	13	0.28	0.26	STAND
5	14	0.26	0.25	STAND
5	15	0.25	0.24	STAND
5	16	0.24	0.23	STAND
5	17	0.23	0.21	STAND
5	18	0.22	0.20	STAND
5	19	0.21	0.20	STAND
5	20	0.20	0.19	STAND
5	21	0.19	0.18	STAND
5	22	0.19	0.17	STAND
5	23	0.18	0.17	STAND
5	24	0.17	0.16	STAND
5	25	0.17	0.16	STAND
5	26	0.16	0.15	STAND
6	1	0.86	0.98	DRAW
6	2	0.75	0.94	DRAW
6	3	0.67	0.87	DRAW
6	4	0.60	0.77	DRAW
6	5	0.55	0.67	DRAW
6	6	0.50	0.58	DRAW
6	7	0.46	0.50	DRAW
6	8	0.43	0.44	DRAW
6	9	0.40	0.40	DRAW
6	10	0.38	0.37	STAND
6	11	0.35	0.34	STAND
6	12	0.33	0.32	STAND
6	13	0.32	0.31	STAND
6	14	0.30	0.29	STAND
6	15	0.29	0.28	STAND
6	16	0.27	0.26	STAND
6	17	0.26	0.25	STAND
6	18	0.25	0.24	STAND
6	19	0.24	0.23	STAND
6	20	0.23	0.22	STAND
6	21	0.22	0.21	STAND
6	22	0.21	0.20	STAND
6	23	0.21	0.20	STAND
6	24	0.20	0.19	STAND
6	25	0.19	0.18	STAND
6	26	0.19	0.18	STAND
7	1	0.88	0.99	DRAW
7	2	0.78	0.97	DRAW
7	3	0.70	0.92	DRAW
7	4	0.64	0.84	DRAW
7	5	0.58	0.76	DRAW
7	6	0.54	0.67	DRAW
7	7	0.50	0.59	DRAW
7	8	0.47	0.52	DRAW
7	9	0.44	0.46	DRAW
7	10	0.41	0.42	DRAW
7	11	0.39	0.38	STAND
7	12	0.37	0.36	STAND
7	13	0.35	0.34	STAND
7	14	0.33	0.32	STAND
7	15	0.32	0.31	STAND
7	16	0.30	0.30	STAND
7	17	0.29	0.28	STAND
7	18	0.28	0.27	STAND
7	19	0.27	0.26	STAND
7	20	0.26	0.25	STAND
7	21	0.25	0.24	STAND
7	22	0.24	0.23	STAND
7	23	0.23	0.22	STAND
7	24	0.23	0.22	STAND
7	25	0.22	0.21	STAND
7	26	0.21	0.20	STAND
8	1	0.89	1.00	DRAW
8	2	0.80	0.98	DRAW
8	3	0.73	0.95	DRAW
8	4	0.67	0.90	DRAW
8	5	0.62	0.83	DRAW
8	6	0.57	0.75	DRAW
8	7	0.53	0.67	DRAW
8	8	0.50	0.59	DRAW
8	9	0.47	0.52	DRAW
8	10	0.44	0.47	DRAW
8	11	0.42	0.43	DRAW
8	12	0.40	0.40	STAND
8	13	0.38	0.38	STAND
8	14	0.36	0.36	STAND
8	15	0.35	0.34	STAND
8	16	0.33	0.33	STAND
8	17	0.32	0.31	STAND
8	18	0.31	0.30	STAND
8	19	0.30	0.29	STAND
8	20	0.29	0.28	STAND
8	21	0.28	0.27	STAND
8	22	0.27	0.26	STAND
8	23	0.26	0.25	STAND
8	24	0.25	0.24	STAND
8	25	0.24	0.23	STAND
8	26	0.24	0.23	STAND
9	1	0.90	1.00	DRAW
9	2	0.82	0.99	DRAW
9	3	0.75	0.97	DRAW
9	4	0.69	0.93	DRAW
9	5	0.64	0.88	DRAW
9	6	0.60	0.81	DRAW
9	7	0.56	0.74	DRAW
9	8	0.53	0.67	DRAW
9	9	0.50	0.60	DRAW
9	10	0.47	0.53	DRAW
9	11	0.45	0.48	DRAW
9	12	0.43	0.44	DRAW
9	13	0.41	0.41	DRAW
9	14	0.39	0.39	STAND
9	15	0.38	0.37	STAND
9	16	0.36	0.35	STAND
9	17	0.35	0.34	STAND
9	18	0.33	0.33	STAND
9	19	0.32	0.31	STAND
9	20	0.31	0.30	STAND
9	21	0.30	0.29	STAND
9	22	0.29	0.28	STAND
9	23	0.28	0.27	STAND
9	24	0.27	0.27	STAND
9	25	0.26	0.26	STAND
9	26	0.26	0.25	STAND
10	1	0.91	1.00	DRAW
10	2	0.83	0.99	DRAW
10	3	0.77	0.98	DRAW
10	4	0.71	0.96	DRAW
10	5	0.67	0.92	DRAW
10	6	0.62	0.87	DRAW
10	7	0.59	0.80	DRAW
10	8	0.56	0.74	DRAW
10	9	0.53	0.67	DRAW
10	10	0.50	0.60	DRAW
10	11	0.48	0.54	DRAW
10	12	0.45	0.49	DRAW
10	13	0.43	0.45	DRAW
10	14	0.42	0.42	DRAW
10	15	0.40	0.40	STAND
10	16	0.38	0.38	STAND
10	17	0.37	0.37	STAND
10	18	0.36	0.35	STAND
10	19	0.34	0.34	STAND
10	20	0.33	0.33	STAND
10	21	0.32	0.32	STAND
10	22	0.31	0.31	STAND
10	23	0.30	0.30	STAND
10	24	0.29	0.29	STAND
10	25	0.29	0.28	STAND
10	26	0.28	0.27	STAND
11	1	0.92	1.00	DRAW
11	2	0.85	1.00	DRAW
11	3	0.79	0.99	DRAW
11	4	0.73	0.97	DRAW
11	5	0.69	0.95	DRAW
11	6	0.65	0.91	DRAW
11	7	0.61	0.86	DRAW
11	8	0.58	0.80	DRAW
11	9	0.55	0.73	DRAW
11	10	0.52	0.66	DRAW
11	11	0.50	0.60	DRAW
11	12	0.48	0.55	DRAW
11	13	0.46	0.50	DRAW
11	14	0.44	0.46	DRAW
11	15	0.42	0.43	DRAW
11	16	0.41	0.41	STAND
11	17	0.39	0.39	STAND
11	18	0.38	0.38	STAND
11	19	0.37	0.36	STAND
11	20	0.35	0.35	STAND
11	21	0.34	0.34	STAND
11	22	0.33	0.33	STAND
11	23	0.32	0.32	STAND
11	24	0.31	0.31	STAND
11	25	0.31	0.30	STAND
11	26	0.30	0.29	STAND
12	1	0.92	1.00	DRAW
12	2	0.86	1.00	DRAW
12	3	0.80	0.99	DRAW
12	4	0.75	0.98	DRAW
12	5	0.71	0.96	DRAW
12	6	0.67	0.94	DRAW
12	7	0.63	0.90	DRAW
12	8	0.60	0.85	DRAW
12	9	0.57	0.79	DRAW
12	10	0.55	0.73	DRAW
12	11	0.52	0.66	DRAW
12	12	0.50	0.61	DRAW
12	13	0.48	0.55	DRAW
12	14	0.46	0.51	DRAW
12	15	0.44	0.47	DRAW
12	16	0.43	0.44	DRAW
12	17	0.41	0.42	DRAW
12	18	0.40	0.40	STAND
12	19	0.39	0.38	STAND
12	20	0.38	0.37	STAND
12	21	0.36	0.36	STAND
12	22	0.35	0.35	STAND
12	23	0.34	0.34	STAND
12	24	0.33	0.33	STAND
12	25	0.32	0.32	STAND
12	26	0.32	0.31	STAND
13	1	0.93	1.00	DRAW
13	2	0.87	1.00	DRAW
13	3	0.81	1.00	DRAW
13	4	0.76	0.99	DRAW
13	5	0.72	0.98	DRAW
13	6	0.68	0.96	DRAW
13	7	0.65	0.93	DRAW
13	8	0.62	0.89	DRAW
13	9	0.59	0.84	DRAW
13	10	0.57	0.78	DRAW
13	11	0.54	0.72	DRAW
13	12	0.52	0.66	DRAW
13	13	0.50	0.61	DRAW
13	14	0.48	0.56	DRAW
13	15	0.46	0.51	DRAW
13	16	0.45	0.48	DRAW
13	17	0.43	0.45	DRAW
13	18	0.42	0.42	DRAW
13	19	0.41	0.40	STAND
13	20	0.39	0.39	STAND
13	21	0.38	0.38	STAND
13	22	0.37	0.37	STAND
13	23	0.36	0.36	STAND
13	24	0.35	0.35	STAND
13	25	0.34	0.34	STAND
13	26	0.33	0.33	STAND
14	1	0.93	1.00	DRAW
14	2	0.88	1.00	DRAW
14	3	0.82	1.00	DRAW
14	4	0.78	0.99	DRAW
14	5	0.74	0.99	DRAW
14	6	0.70	0.97	DRAW
14	7	0.67	0.95	DRAW
14	8	0.64	0.92	DRAW
14	9	0.61	0.88	DRAW
14	10	0.58	0.83	DRAW
14	11	0.56	0.78	DRAW
14	12	0.54	0.72	DRAW
14	13	0.52	0.66	DRAW
14	14	0.50	0.61	DRAW
14	15	0.48	0.56	DRAW
14	16	0.47	0.52	DRAW
14	17	0.45	0.48	DRAW
14	18	0.44	0.45	DRAW
14	19	0.42	0.43	DRAW
14	20	0.41	0.41	STAND
14	21	0.40	0.40	STAND
14	22	0.39	0.39	STAND
14	23	0.38	0.38	STAND
14	24	0.37	0.36	STAND
14	25	0.36	0.36	STAND
14	26	0.35	0.35	STAND
15	1	0.94	1.00	DRAW
15	2	0.88	1.00	DRAW
15	3	0.83	1.00	DRAW
15	4	0.79	1.00	DRAW
15	5	0.75	0.99	DRAW
15	6	0.71	0.98	DRAW
15	7	0.68	0.96	DRAW
15	8	0.65	0.94	DRAW
15	9	0.62	0.91	DRAW
15	10	0.60	0.87	DRAW
15	11	0.58	0.82	DRAW
15	12	0.56	0.77	DRAW
15	13	0.54	0.72	DRAW
15	14	0.52	0.66	DRAW
15	15	0.50	0.61	DRAW
15	16	0.48	0.57	DRAW
15	17	0.47	0.52	DRAW
15	18	0.45	0.49	DRAW
15	19	0.44	0.46	DRAW
15	20	0.43	0.44	DRAW
15	21	0.42	0.42	DRAW
15	22	0.41	0.40	STAND
15	23	0.39	0.39	STAND
15	24	0.38	0.38	STAND
15	25	0.38	0.37	STAND
15	26	0.37	0.36	STAND
16	1	0.94	1.00	DRAW
16	2	0.89	1.00	DRAW
16	3	0.84	1.00	DRAW
16	4	0.80	1.00	DRAW
16	5	0.76	0.99	DRAW
16	6	0.73	0.99	DRAW
16	7	0.70	0.98	DRAW
16	8	0.67	0.96	DRAW
16	9	0.64	0.93	DRAW
16	10	0.62	0.90	DRAW
16	11	0.59	0.86	DRAW
16	12	0.57	0.82	DRAW
16	13	0.55	0.77	DRAW
16	14	0.53	0.72	DRAW
16	15	0.52	0.66	DRAW
16	16	0.50	0.61	DRAW
16	17	0.48	0.57	DRAW
16	18	0.47	0.53	DRAW
16	19	0.46	0.49	DRAW
16	20	0.44	0.46	DRAW
16	21	0.43	0.44	DRAW
16	22	0.42	0.42	DRAW
16	23	0.41	0.41	STAND
16	24	0.40	0.40	STAND
16	25	0.39	0.39	STAND
16	26	0.38	0.38	STAND
17	1	0.94	1.00	DRAW
17	2	0.89	1.00	DRAW
17	3	0.85	1.00	DRAW
17	4	0.81	1.00	DRAW
17	5	0.77	1.00	DRAW
17	6	0.74	0.99	DRAW
17	7	0.71	0.98	DRAW
17	8	0.68	0.97	DRAW
17	9	0.65	0.95	DRAW
17	10	0.63	0.93	DRAW
17	11	0.61	0.89	DRAW
17	12	0.59	0.86	DRAW
17	13	0.57	0.81	DRAW
17	14	0.55	0.76	DRAW
17	15	0.53	0.71	DRAW
17	16	0.52	0.66	DRAW
17	17	0.50	0.62	DRAW
17	18	0.49	0.57	DRAW
17	19	0.47	0.53	DRAW
17	20	0.46	0.50	DRAW
17	21	0.45	0.47	DRAW
17	22	0.44	0.45	DRAW
17	23	0.42	0.43	DRAW
17	24	0.41	0.41	STAND
17	25	0.40	0.40	STAND
17	26	0.40	0.39	STAND
18	1	0.95	1.00	DRAW
18	2	0.90	1.00	DRAW
18	3	0.86	1.00	DRAW
18	4	0.82	1.00	DRAW
18	5	0.78	1.00	DRAW
18	6	0.75	1.00	DRAW
18	7	0.72	0.99	DRAW
18	8	0.69	0.98	DRAW
18	9	0.67	0.97	DRAW
18	10	0.64	0.95	DRAW
18	11	0.62	0.92	DRAW
18	12	0.60	0.89	DRAW
18	13	0.58	0.85	DRAW
18	14	0.56	0.81	DRAW
18	15	0.55	0.76	DRAW
18	16	0.53	0.71	DRAW
18	17	0.51	0.66	DRAW
18	18	0.50	0.62	DRAW
18	19	0.49	0.58	DRAW
18	20	0.47	0.54	DRAW
18	21	0.46	0.50	DRAW
18	22	0.45	0.48	DRAW
18	23	0.44	0.45	DRAW
18	24	0.43	0.43	DRAW
18	25	0.42	0.42	DRAW
18	26	0.41	0.41	STAND
19	1	0.95	1.00	DRAW
19	2	0.90	1.00	DRAW
19	3	0.86	1.00	DRAW
19	4	0.83	1.00	DRAW
19	5	0.79	1.00	DRAW
19	6	0.76	1.00	DRAW
19	7	0.73	0.99	DRAW
19	8	0.70	0.99	DRAW
19	9	0.68	0.98	DRAW
19	10	0.66	0.96	DRAW
19	11	0.63	0.94	DRAW
19	12	0.61	0.91	DRAW
19	13	0.59	0.88	DRAW
19	14	0.58	0.84	DRAW
19	15	0.56	0.80	DRAW
19	16	0.54	0.76	DRAW
19	17	0.53	0.71	DRAW
19	18	0.51	0.66	DRAW
19	19	0.50	0.62	DRAW
19	20	0.49	0.58	DRAW
19	21	0.47	0.54	DRAW
19	22	0.46	0.51	DRAW
19	23	0.45	0.48	DRAW
19	24	0.44	0.46	DRAW
19	25	0.43	0.44	DRAW
19	26	0.42	0.42	DRAW
20	1	0.95	1.00	DRAW
20	2	0.91	1.00	DRAW
20	3	0.87	1.00	DRAW
20	4	0.83	1.00	DRAW
20	5	0.80	1.00	DRAW
20	6	0.77	1.00	DRAW
20	7	0.74	1.00	DRAW
20	8	0.71	0.99	DRAW
20	9	0.69	0.98	DRAW
20	10	0.67	0.97	DRAW
20	11	0.65	0.96	DRAW
20	12	0.62	0.94	DRAW
20	13	0.61	0.91	DRAW
20	14	0.59	0.88	DRAW
20	15	0.57	0.84	DRAW
20	16	0.56	0.80	DRAW
20	17	0.54	0.75	DRAW
20	18	0.53	0.71	DRAW
20	19	0.51	0.67	DRAW
20	20	0.50	0.62	DRAW
20	21	0.49	0.58	DRAW
20	22	0.48	0.54	DRAW
20	23	0.47	0.51	DRAW
20	24	0.45	0.48	DRAW
20	25	0.44	0.46	DRAW
20	26	0.43	0.44	DRAW
21	1	0.95	1.00	DRAW
21	2	0.91	1.00	DRAW
21	3	0.88	1.00	DRAW
21	4	0.84	1.00	DRAW
21	5	0.81	1.00	DRAW
21	6	0.78	1.00	DRAW
21	7	0.75	1.00	DRAW
21	8	0.72	0.99	DRAW
21	9	0.70	0.99	DRAW
21	10	0.68	0.98	DRAW
21	11	0.66	0.97	DRAW
21	12	0.64	0.95	DRAW
21	13	0.62	0.93	DRAW
21	14	0.60	0.90	DRAW
21	15	0.58	0.87	DRAW
21	16	0.57	0.84	DRAW
21	17	0.55	0.79	DRAW
21	18	0.54	0.75	DRAW
21	19	0.53	0.71	DRAW
21	20	0.51	0.67	DRAW
21	21	0.50	0.62	DRAW
21	22	0.49	0.58	DRAW
21	23	0.48	0.55	DRAW
21	24	0.47	0.52	DRAW
21	25	0.46	0.49	DRAW
21	26	0.45	0.47	DRAW
22	1	0.96	1.00	DRAW
22	2	0.92	1.00	DRAW
22	3	0.88	1.00	DRAW
22	4	0.85	1.00	DRAW
22	5	0.81	1.00	DRAW
22	6	0.79	1.00	DRAW
22	7	0.76	1.00	DRAW
22	8	0.73	1.00	DRAW
22	9	0.71	0.99	DRAW
22	10	0.69	0.99	DRAW
22	11	0.67	0.98	DRAW
22	12	0.65	0.97	DRAW
22	13	0.63	0.95	DRAW
22	14	0.61	0.93	DRAW
22	15	0.59	0.90	DRAW
22	16	0.58	0.87	DRAW
22	17	0.56	0.83	DRAW
22	18	0.55	0.79	DRAW
22	19	0.54	0.75	DRAW
22	20	0.52	0.71	DRAW
22	21	0.51	0.67	DRAW
22	22	0.50	0.62	DRAW
22	23	0.49	0.59	DRAW
22	24	0.48	0.55	DRAW
22	25	0.47	0.52	DRAW
22	26	0.46	0.49	DRAW
23	1	0.96	1.00	DRAW
23	2	0.92	1.00	DRAW
23	3	0.88	1.00	DRAW
23	4	0.85	1.00	DRAW
23	5	0.82	1.00	DRAW
23	6	0.79	1.00	DRAW
23	7	0.77	1.00	DRAW
23	8	0.74	1.00	DRAW
23	9	0.72	1.00	DRAW
23	10	0.70	0.99	DRAW
23	11	0.68	0.98	DRAW
23	12	0.66	0.97	DRAW
23	13	0.64	0.96	DRAW
23	14	0.62	0.94	DRAW
23	15	0.61	0.92	DRAW
23	16	0.59	0.89	DRAW
23	17	0.57	0.86	DRAW
23	18	0.56	0.83	DRAW
23	19	0.55	0.79	DRAW
23	20	0.53	0.75	DRAW
23	21	0.52	0.71	DRAW
23	22	0.51	0.67	DRAW
23	23	0.50	0.63	DRAW
23	24	0.49	0.59	DRAW
23	25	0.48	0.55	DRAW
23	26	0.47	0.52	DRAW
24	1	0.96	1.00	DRAW
24	2	0.92	1.00	DRAW
24	3	0.89	1.00	DRAW
24	4	0.86	1.00	DRAW
24	5	0.83	1.00	DRAW
24	6	0.80	1.00	DRAW
24	7	0.77	1.00	DRAW
24	8	0.75	1.00	DRAW
24	9	0.73	1.00	DRAW
24	10	0.71	0.99	DRAW
24	11	0.69	0.99	DRAW
24	12	0.67	0.98	DRAW
24	13	0.65	0.97	DRAW
24	14	0.63	0.96	DRAW
24	15	0.62	0.94	DRAW
24	16	0.60	0.92	DRAW
24	17	0.59	0.89	DRAW
24	18	0.57	0.86	DRAW
24	19	0.56	0.82	DRAW
24	20	0.55	0.79	DRAW
24	21	0.53	0.75	DRAW
24	22	0.52	0.71	DRAW
24	23	0.51	0.67	DRAW
24	24	0.50	0.63	DRAW
24	25	0.49	0.59	DRAW
24	26	0.48	0.56	DRAW
25	1	0.96	1.00	DRAW
25	2	0.93	1.00	DRAW
25	3	0.89	1.00	DRAW
25	4	0.86	1.00	DRAW
25	5	0.83	1.00	DRAW
25	6	0.81	1.00	DRAW
25	7	0.78	1.00	DRAW
25	8	0.76	1.00	DRAW
25	9	0.74	1.00	DRAW
25	10	0.71	1.00	DRAW
25	11	0.69	0.99	DRAW
25	12	0.68	0.99	DRAW
25	13	0.66	0.98	DRAW
25	14	0.64	0.97	DRAW
25	15	0.62	0.95	DRAW
25	16	0.61	0.94	DRAW
25	17	0.60	0.91	DRAW
25	18	0.58	0.89	DRAW
25	19	0.57	0.85	DRAW
25	20	0.56	0.82	DRAW
25	21	0.54	0.78	DRAW
25	22	0.53	0.74	DRAW
25	23	0.52	0.71	DRAW
25	24	0.51	0.67	DRAW
25	25	0.50	0.63	DRAW
25	26	0.49	0.59	DRAW
26	1	0.96	1.00	DRAW
26	2	0.93	1.00	DRAW
26	3	0.90	1.00	DRAW
26	4	0.87	1.00	DRAW
26	5	0.84	1.00	DRAW
26	6	0.81	1.00	DRAW
26	7	0.79	1.00	DRAW
26	8	0.76	1.00	DRAW
26	9	0.74	1.00	DRAW
26	10	0.72	1.00	DRAW
26	11	0.70	0.99	DRAW
26	12	0.68	0.99	DRAW
26	13	0.67	0.99	DRAW
26	14	0.65	0.98	DRAW
26	15	0.63	0.97	DRAW
26	16	0.62	0.95	DRAW
26	17	0.60	0.93	DRAW
26	18	0.59	0.91	DRAW
26	19	0.58	0.88	DRAW
26	20	0.57	0.85	DRAW
26	21	0.55	0.82	DRAW
26	22	0.54	0.78	DRAW
26	23	0.53	0.74	DRAW
26	24	0.52	0.70	DRAW
26	25	0.51	0.67	DRAW
26	26	0.50	0.63	DRAW
0.629906584606
